42526
26906
61732
10727
10735
22588
2033
8332
36350
31873
8307
2642
48085
26101
57271
63160
47941
248
58933
6187
17957
42143
45381
51256
20404
19868
44916
15538
25170
40896
59347
11778
55339
5433
5800
63016
14215
2563
26114
24455
61142
47191
24209
20620
28772
26606
30607
16311
14213
62107
58074
18735
39376
50334
8229
25968
52273
56030
17923
36567
9828
11534
15735
11068
13546
59830
52069
18048
27476
61120
52750
44157
29599
48743
39767
47852
60658
40667
45428
30828
33165
42592
42686
41876
14867
48903
25004
44423
55601
32705
32398
64953
26382
28077
30997
8799
19737
27545
47885
18568
61973
61263
21291
15055
30960
59604
32225
21416
31752
1837
47570
2845
36760
23800
12588
46505
18985
1384
23562
29828
9779
50236
58696
28184
63034
10573
48706
63792
57713
16026
38375
11570
3050
30352
28589
8100
38787
29653
11945
14731
37796
25733
37700
24601
36476
21661
24166
61976
46113
57013
13920
49224
64536
37717
10180
31082
42320
58964
33305
29870
53538
19220
42195
11537
10357
50292
36813
6221
10220
45033
41678
10871
39569
9475
35965
20056
25248
20360
37423
18604
32629
41698
57835
60268
9050
24019
50880
40158
5396
17840
20387
5685
52555
50423
10841
54680
6129
12820
14679
10662
11097
13580
21600
30442
25283
21913
62262
34079
11770
15198
28500
18448
31911
10096
32815
57638
28486
32238
29938
4446
31358
44972
2370
12698
20853
37820
4272
8031
53578
59071
20562
39031
6469
38625
59306
56953
55468
10077
33814
28318
23300
31141
7224
18582
50647
56578
9760
61995
28213
23557
41675
52368
55445
53694
10010
48210
24843
39763
25801
52575
19772
32270
63657
47834
4663
6636
15739
54617
26525
34267
6041
2968
44219
18743
37982
8180
37982
7659
31821
49807
48841
54349
46923
10966
12104
27996
29309
21907
35289
26136
7768
38203
63079
7926
38103
8854
63354
59841
29298
45791
37659
15976
3072
18431
54167
53423
34544
56840
60270
11717
48134
53418
35366
23939
30144
49751
8009
63438
48722
1911
43905
44998
46306
36990
11887
33752
24976
41098
59351
20531
19267
18689
17723
14449
60468
18586
1922
18912
16972
4762
38817
27135
35214
5365
41769
28831
4250
57081
33511
35580
7299
16665
1015
20836
448
30430
26641
29590
11884
41221
41296
28044
36360
25814
20988
16081
54200
12708
9944
52806
11404
7199
925
11122
11069
15089
51879
45447
26926
10087
31718
42822
4194
35262
250
3645
61232
8573
22079
11171
45967
24881
18393
61881
51332
47134
44960
55840
3979
58994
55901
17526
18706
65400
25002
55534
40365
62216
39073
22717
64642
60180
30300
18002
15895
27889
22162
49614
29787
55085
45116
15125
1110
32113
4371
22144
885
43965
58373
48134
31767
16913
15927
61074
19217
18615
43593
43733
1255
56685
35460
24088
64793
39224
41098
48863
5899
8107
55939
28347
24159
57776
2739
20153
40700
22720
21763
6833
58069
39747
9989
15245
8219
18666
36840
6585
46357
29919
61398
40866
64134
36352
46688
58478
6587
57561
22452
63895
842
24175
42188
44732
26203
60413
17873
28193
39244
56601
33745
32344
45867
63851
47559
25203
33938
54116
24909
28285
34195
25769
34584
8581
14569
10540
41762
26187
28990
63943
2557
30432
34809
1135
62754
917
5240
43389
4193
10684
27200
5333
32894
16366
58322
56731
62239
2942
18847
12678
53390
25167
61547
22594
34019
56558
9048
6609
50637
9123
13141
38562
3394
42418
60086
56237
23908
35076
61427
18001
65511
14817
53432
7439
57504
55947
28227
31340
33000
37321
30839
18326
17698
18934
42359
62479
4271
18465
43823
24606
9144
20609
28243
65497
60145
2914
53766
9761
45341
34741
31781
8339
48564
3816
22295
61700
37147
50460
43615
64806
24156
37146
4683
41922
12740
36096
9237
52847
3121
23499
4615
63863
39362
33979
35321
55215
41189
48251
25280
24531
14838
26931
33427
19097
51463
53812
62456
36472
24538
12941
4027
22085
65389
14131
23602
3258
23405
31282
39855
1662
36854
64656
2275
57686
18579
60580
61249
1849
22336
42636
23157
47620
45367
36058
10736
22068
20004
22606
18384
62227
60045
54020
25575
27387
12579
42534
26640
2391
9550
15610
55622
25557
48383
38302
44119
11052
42448
47807
23846
21605
2883
11003
42714
53071
32315
32202
23084
59637
37486
33776
63389
29385
29278
5645
54714
12207
12016
59298
23175
57661
25039
29670
49661
32588
25431
25664
56758
46407
45655
23150
27245
8440
44845
35543
64052
4296
47600
2519
60799
39278
30078
39451
42125
59191
5296
28109
34204
11141
27923
61769
60890
38520
10367
59408
55968
29886
64944
62576
31028
62639
54652
58279
46193
53906
16142
41898
56511
27678
30538
47485
11886
38259
34629
1829
171
14346
59602
4919
64206
58585
38887
14851
45529
22565
12568
58769
23603
40395
33276
20073
59674
23050
56636
20388
15086
25518
19110
32076
47901
43714
53445
10450
8922
37213
13087
5329
32901
48220
33473
52025
1464
46791
18501
24651
35022
60943
13172
46326
21877
54678
34566
21814
38377
53120
41856
61078
26824
40359
29757
10418
29112
2564
15063
49526
9223
32846
32748
4442
10713
62744
23262
11507
36654
36777
60638
24966
57699
40277
52358
46512
22897
50572
16144
54858
45958
53144
55375
40535
18903
31671
25728
28612
54581
35894
39792
21895
17319
38253
58675
26507
65344
8284
39591
59621
54460
6300
26765
57938
11663
1541
26713
39303
15109
47908
51046
51723
60262
38176
28940
16924
28081
14077
45910
54827
47063
33488
42610
7058
64997
3631
46384
10190
35027
9694
52851
37157
37364
50685
58813
2009
5757
31175
45315
16650
21864
34464
19712
17770
25524
58380
15538
64293
63345
31609
17852
27432
60397
53648
65321
35717
47213
17814
39930
33342
63963
23622
64555
25228
38577
20721
24247
25125
60794
19322
679
47362
57790
58064
34325
40051
41855
60246
7430
41586
23174
17939
41122
60511
49979
27292
40650
40098
36470
36976
45969
45498
29558
42907
40708
36590
19045
6629
23300
26477
55771
38867
25703
55525
55703
58836
186
13787
54240
49123
25820
886
17529
60315
45250
47537
35681
33702
65510
58479
59856
25247
44292
55286
58437
28827
2107
34885
40036
62477
25030
108
17384
1800
34404
585
59008
64222
50810
36761
56873
61543
56136
22466
13243
51406
34681
6664
34635
1035
36586
5803
26855
15702
36481
19086
1300
62754
